image: ting_test_map_div2.pgm
resolution: 0.030000
origin: [-4.995000, -4.995000, 0.000000]
negate: 0
occupied_thresh: 0.65
free_thresh: 0.196

