image: ting_test_map.pgm
resolution: 0.015000
origin: [-4.995000, -4.995000, 0.000000]
negate: 0
occupied_thresh: 0.65
free_thresh: 0.196

